NoeudSimple;2;325.6;660.8
NoeudSimple;4;1203.2;660.8
Barre;3;2;4;  
NoeudSimple;6;776.8;716.8
Barre;5;4;6;  
Barre;7;2;6;  
terrain3;1;2;3;4;5;6;7
AppuiGlissant;8;442.4;660.8;3
AppuiGlissant;9;728.8;660.8;3
AppuiGlissant;10;498.4;660.8;3
AppuiGlissant;11;470.4;660.8;3
AppuiGlissant;12;662.4000000000001;660.8;3
AppuiGlissant;13;695.2;660.8;3
NoeudSimple;14;440.79999999999995;641.6
NoeudSimple;15;496.79999999999995;639.2
NoeudSimple;16;448.0;625.6
NoeudSimple;17;488.0;624.0
NoeudSimple;18;660.8;640.0
NoeudSimple;19;727.2;640.0
NoeudSimple;20;672.0;622.4
NoeudSimple;21;716.8;620.0
Barre;22;14;8;  
Barre;23;16;14;  
Barre;24;17;16;  
Barre;25;15;17;  
Barre;26;14;15;  
Barre;27;10;15;  
Barre;28;11;10;  
Barre;29;8;11;  
Barre;30;18;12;  
Barre;31;20;18;  
Barre;32;21;20;  
Barre;33;19;21;  
Barre;34;18;19;  
Barre;35;13;12;  
Barre;36;9;13;  
Barre;37;19;9;  
NoeudSimple;38;477.6;320.8
NoeudSimple;39;658.4;321.6
NoeudSimple;40;568.0;321.20000000000005
Barre;41;39;40;  
Barre;42;40;38;  
NoeudSimple;43;479.0252360753773;362.35111327445935
Barre;44;38;43;  
NoeudSimple;45;660.1768849045283;360.9005131825081
Barre;46;45;39;  
Barre;47;40;43;  
Barre;48;45;40;  
NoeudSimple;49;430.4;367.2
Barre;50;43;49;  
NoeudSimple;51;708.8;360.8
Barre;52;45;51;  
NoeudSimple;53;434.8117122875979;431.9719576770057
Barre;54;49;53;  
NoeudSimple;55;481.2764842500522;427.9836562130589
Barre;56;43;55;  
NoeudSimple;57;437.37195958516594;469.5610430003912
Barre;58;53;57;  
Barre;59;57;16;  
NoeudSimple;60;482.5646783951047;465.53947013420486
Barre;61;55;60;  
Barre;62;60;17;  
NoeudSimple;63;662.7020026117954;416.7501754138284
Barre;64;63;45;  
NoeudSimple;65;710.4535079371121;414.37365716243477
Barre;66;51;65;  
NoeudSimple;67;664.3657021847315;453.5472953799457
Barre;68;20;67;  
Barre;69;67;63;  
NoeudSimple;70;711.6876622635044;454.36025733754616
Barre;71;65;70;  
Barre;72;70;21;  
Barre;73;55;53;  
Barre;74;57;60;  
Barre;75;55;49;  
Barre;76;57;55;  
Barre;77;17;57;  
Barre;78;70;20;  
Barre;79;63;70;  
Barre;80;51;63;  
Barre;81;63;65;  
Barre;82;70;67;  
NoeudSimple;84;380.8;320.0
Barre;83;84;38;  
Barre;85;84;49;  
Barre;86;38;49;  
NoeudSimple;88;748.0;317.6
Barre;87;88;39;  
Barre;89;88;51;  
Barre;90;39;51;  
NoeudSimple;91;374.4;220.0
NoeudSimple;92;472.0;164.0
NoeudSimple;93;639.2;160.8
Barre;94;92;91;  
Barre;95;38;92;  
Barre;96;93;92;  
Barre;97;39;93;  
Barre;98;92;40;  
Barre;99;93;40;  
NoeudSimple;101;736.0;204.0
Barre;100;101;93;  
Barre;102;88;101;  
NoeudSimple;103;379.67493148065523;302.42080438523806
Barre;104;103;84;  
NoeudSimple;105;376.95282044744727;259.88781949136336
Barre;106;91;105;  
NoeudSimple;107;378.2373892536172;279.9592070877685
Barre;108;105;107;  
Barre;109;107;103;  
Barre;110;92;105;  
Barre;111;107;92;  
Barre;112;38;107;  
Barre;113;103;38;  
NoeudSimple;114;300.0;264.0
NoeudSimple;115;302.4;304.0
Barre;116;114;115;  
NoeudSimple;117;334.51518964123966;262.1555881997654
Barre;118;114;117;  
Barre;119;117;105;  
NoeudSimple;120;340.04967167396217;303.2305888175439
Barre;121;115;120;  
Barre;122;120;103;  
Barre;123;117;115;  
Barre;124;120;117;  
Barre;125;107;120;  
Barre;126;117;107;  
NoeudSimple;128;199.2;272.0
Barre;127;128;114;  
NoeudSimple;130;176.0;321.6
Barre;129;130;128;  
NoeudSimple;132;280.0;329.6
Barre;131;132;130;  
Barre;133;115;132;  
Barre;134;130;115;  
Barre;135;114;130;  
Barre;136;88;93;  
Treillis;0;1;2;3;4;5;6;7;8;8;9;9;10;10;11;11;12;12;13;13;14;15;16;17;18;19;20;21;22;23;24;25;26;27;28;29;30;31;32;33;34;35;36;37;38;39;40;41;42;43;44;45;46;47;48;49;50;51;52;53;54;55;56;57;58;59;60;61;62;63;64;65;66;67;68;69;70;71;72;73;74;75;76;77;78;79;80;81;82;83;84;85;86;87;88;89;90;91;92;93;94;95;96;97;98;99;100;101;102;103;104;105;106;107;108;109;110;111;112;113;114;115;116;117;118;119;120;121;122;123;124;125;126;127;128;129;130;131;132;133;134;135;136
