NoeudSimple;2;321.6;679.2
NoeudSimple;4;1100.0;679.2
Barre;3;2;4;  
NoeudSimple;6;675.2;709.6
Barre;5;4;6;  
Barre;7;2;6;  
terrain3;1;2;3;4;5;6;7
AppuiSimple;8;487.20000000000005;679.2
NoeudSimple;9;568.0;523.2
NoeudSimple;10;709.6;522.4
AppuiSimple;11;799.2;679.2
AppuiGlissant;12;560.8;679.2;3
AppuiGlissant;13;725.6000000000001;679.2;3
Barre;14;12;8;  
NoeudSimple;15;513.209604777506;628.983436320657
Barre;16;15;8;  
NoeudSimple;17;768.2830769230769;625.0953846153845
Barre;18;17;11;  
Barre;19;15;12;  
Barre;20;13;17;  
NoeudSimple;21;604.0;330.4
NoeudSimple;22;675.2;329.6
NoeudSimple;23;620.8;187.2
NoeudSimple;24;651.2;184.8
NoeudSimple;25;624.0;92.80000000000001
NoeudSimple;26;642.4;92.0
Barre;27;25;23;  
Barre;28;24;26;  
Barre;29;23;24;  
NoeudSimple;30;624.0;360.0
NoeudSimple;31;613.6;480.79999999999995
NoeudSimple;32;673.6;482.4
NoeudSimple;33;655.2;357.6
Barre;34;30;31;  
Barre;35;32;33;  
NoeudSimple;36;592.7333044953915;390.739413702459
Barre;37;21;36;  
NoeudSimple;38;686.36034039713;392.1498147839146
Barre;39;38;22;  
Barre;40;30;21;  
Barre;41;36;30;  
Barre;42;31;36;  
Barre;43;9;31;  
Barre;44;10;32;  
Barre;45;38;32;  
Barre;46;33;38;  
Barre;47;22;33;  
Barre;48;11;13;  
Barre;49;25;26;  
NoeudSimple;50;626.4;540.0
NoeudSimple;51;660.8;538.4
Barre;52;9;50;  
Barre;53;10;51;  
NoeudSimple;54;549.9018454775432;558.1419815037532
Barre;55;9;54;  
Barre;56;54;15;  
NoeudSimple;57;586.7385945945946;624.1595675675676
Barre;58;50;57;  
Barre;59;57;12;  
Barre;60;57;15;  
Barre;61;54;57;  
Barre;62;50;54;  
NoeudSimple;63;643.6;481.59999999999997
Barre;64;31;63;  
Barre;65;63;32;  
Barre;66;63;50;  
Barre;67;51;63;  
NoeudSimple;68;639.6;330.0
Barre;69;22;68;  
Barre;70;68;21;  
Barre;71;68;30;  
Barre;72;33;68;  
NoeudSimple;73;699.4138050456883;622.3016010869276
Barre;74;13;73;  
Barre;75;73;51;  
NoeudSimple;76;726.683076923077;552.2953846153846
Barre;77;10;76;  
Barre;78;76;17;  
Barre;79;73;17;  
Barre;80;76;73;  
Barre;81;51;76;  
Barre;82;23;21;  
Barre;83;24;22;  
Barre;84;9;36;  
Barre;85;10;38;  
Barre;86;50;51;  
Barre;87;50;31;  
Barre;88;32;51;  
NoeudSimple;89;646.4;79.19999999999999
Barre;90;26;89;  
NoeudSimple;91;617.6;77.6
NoeudSimple;92;616.8;53.599999999999994
NoeudSimple;93;644.8;51.2
NoeudSimple;94;622.4;40.0
NoeudSimple;95;638.4;38.400000000000006
NoeudSimple;96;627.2;8.799999999999997
Barre;97;91;25;  
Barre;98;89;91;  
Barre;99;93;89;  
Barre;100;92;93;  
Barre;101;91;92;  
Barre;102;94;92;  
Barre;103;96;94;  
Barre;104;95;96;  
Barre;105;94;95;  
Barre;106;93;95;  
Treillis;0;1;2;3;4;5;6;7;8;8;9;10;11;11;12;12;13;13;14;15;16;17;18;19;20;21;22;23;24;25;26;27;28;29;30;31;32;33;34;35;36;37;38;39;40;41;42;43;44;45;46;47;48;49;50;51;52;53;54;55;56;57;58;59;60;61;62;63;64;65;66;67;68;69;70;71;72;73;74;75;76;77;78;79;80;81;82;83;84;85;86;87;88;89;90;91;92;93;94;95;96;97;98;99;100;101;102;103;104;105;106
