NoeudSimple;2;38.400000000000006;120.0
NoeudSimple;4;70.4;194.39999999999998
Barre;3;2;4;  
NoeudSimple;6;36.80000000000001;185.60000000000002
Barre;5;4;6;  
Barre;7;2;6;  
terrain3;1;2;3;4;5;6;7
AppuiGlissant;8;54.7949653624744;158.11829446775295;3
NoeudSimple;10;1316.8;137.6
NoeudSimple;12;1299.2;197.60000000000002
Barre;11;10;12;  
NoeudSimple;14;1327.2;186.39999999999998
Barre;13;12;14;  
Barre;15;10;14;  
terrain3;9;10;11;12;13;14;15
AppuiGlissant;16;1307.981273530856;167.66384023571777;11
NoeudSimple;17;368.0915424045698;160.50468090974414
NoeudSimple;18;994.6846964887607;165.27745379372658
NoeudSimple;20;314.4;372.0
NoeudSimple;22;436.79999999999995;372.0
Barre;21;20;22;  
NoeudSimple;24;386.4;407.2
Barre;23;22;24;  
Barre;25;20;24;  
terrain3;19;20;21;22;23;24;25
NoeudSimple;27;926.4000000000001;372.0
NoeudSimple;29;1036.0;372.0
Barre;28;27;29;  
NoeudSimple;31;981.5999999999999;416.8
Barre;30;29;31;  
Barre;32;27;31;  
terrain3;26;27;28;29;30;31;32
AppuiGlissant;33;367.2;372.0;21
AppuiGlissant;34;999.2;372.0;28
Barre;35;33;17;  
Barre;36;34;18;  
NoeudSimple;37;681.3881194466652;162.89106735173536
NoeudSimple;38;432.792401955948;160.99750868167936
Barre;39;38;17;  
NoeudSimple;40;493.5888746053459;161.46059665864095
Barre;41;40;38;  
NoeudSimple;42;557.5912548675668;161.94810409952947
Barre;43;42;40;  
NoeudSimple;44;615.2000996927059;162.38691185008787
Barre;45;37;44;  
Barre;46;44;42;  
NoeudSimple;47;740.7806264032524;163.343461293269
Barre;48;47;37;  
NoeudSimple;49;796.7773775276978;163.76998969310205
Barre;50;49;47;  
NoeudSimple;51;865.5733860520165;164.2940102986112
Barre;52;51;49;  
NoeudSimple;53;925.5820916396318;164.75109783773388
Barre;54;18;53;  
Barre;55;53;51;  
NoeudSimple;56;1059.1743407508088;165.7686727344784
Barre;57;56;18;  
NoeudSimple;58;1123.9827678633767;166.2623198507296
Barre;59;58;56;  
NoeudSimple;60;1194.3786835626795;166.79852698194827
Barre;61;60;58;  
NoeudSimple;62;1251.1814815374717;167.231195057144
Barre;63;16;62;  
Barre;64;62;60;  
NoeudSimple;65;299.9818266436988;159.9858878102658
Barre;66;17;65;  
NoeudSimple;67;232.8040050829286;159.47419296798995
Barre;68;65;67;  
NoeudSimple;69;99.9995230335342;158.46261850908434
Barre;70;69;8;  
NoeudSimple;71;166.39567079537662;158.96835932602923
Barre;72;67;71;  
Barre;73;71;69;  
NoeudSimple;75;432.79999999999995;268.0
Barre;74;75;33;  
NoeudSimple;77;615.2;179.2
Barre;76;77;37;  
NoeudSimple;79;557.6;193.60000000000002
Barre;78;79;77;  
NoeudSimple;81;494.4;215.2
Barre;80;81;79;  
NoeudSimple;82;861.6;217.60000000000002
NoeudSimple;84;925.5999999999999;266.4
Barre;83;84;82;  
Barre;85;34;84;  
Barre;86;81;75;  
NoeudSimple;88;740.8;176.8
Barre;87;88;37;  
NoeudSimple;90;793.6;191.2
Barre;89;90;88;  
Barre;91;82;90;  
NoeudSimple;93;1251.2;182.39999999999998
Barre;92;93;16;  
NoeudSimple;95;1195.2;196.0
Barre;94;95;93;  
NoeudSimple;97;1126.4;218.39999999999998
Barre;96;97;95;  
NoeudSimple;99;1060.0;271.2
Barre;98;99;97;  
Barre;100;34;99;  
Barre;101;84;18;  
Barre;102;53;84;  
Barre;103;82;53;  
Barre;104;51;82;  
Barre;105;90;51;  
Barre;106;49;90;  
Barre;107;88;49;  
Barre;108;47;88;  
Barre;109;75;17;  
Barre;110;38;75;  
Barre;111;81;38;  
Barre;112;40;81;  
Barre;113;79;40;  
Barre;114;42;79;  
Barre;115;77;42;  
Barre;116;44;77;  
Barre;117;99;18;  
Barre;118;56;99;  
Barre;119;97;56;  
Barre;120;58;97;  
Barre;121;95;58;  
Barre;122;60;95;  
Barre;123;93;60;  
Barre;124;62;93;  
NoeudSimple;126;98.4;169.6
Barre;125;126;8;  
NoeudSimple;128;163.2;193.60000000000002
Barre;127;128;126;  
NoeudSimple;130;228.0;230.39999999999998
Barre;129;130;128;  
NoeudSimple;132;296.0;276.8
Barre;131;132;130;  
Barre;133;33;132;  
Barre;134;132;17;  
Barre;135;65;132;  
Barre;136;130;65;  
Barre;137;67;130;  
Barre;138;128;67;  
Barre;139;71;128;  
Barre;140;126;71;  
Barre;141;69;126;  
Treillis;0;1;2;3;4;5;6;7;8;8;9;10;11;12;13;14;15;16;16;17;18;19;20;21;22;23;24;25;26;27;28;29;30;31;32;33;33;34;34;35;36;37;38;39;40;41;42;43;44;45;46;47;48;49;50;51;52;53;54;55;56;57;58;59;60;61;62;63;64;65;66;67;68;69;70;71;72;73;74;75;76;77;78;79;80;81;82;83;84;85;86;87;88;89;90;91;92;93;94;95;96;97;98;99;100;101;102;103;104;105;106;107;108;109;110;111;112;113;114;115;116;117;118;119;120;121;122;123;124;125;126;127;128;129;130;131;132;133;134;135;136;137;138;139;140;141
